1 83 36 36
2 102 37 37
3 106 36 36
4 112 36 36
5 95 37 37
6 100 36 36
7 107 36 36
8 83 35 35
9 102 36 36
10 106 35 35
11 112 35 35
12 95 36 36
13 100 35 35
14 107 35 35
15 83 34 34
16 102 35 35
17 106 34 34
18 112 34 34
19 95 35 35
20 100 34 34
21 107 34 34
22 83 33 33
23 102 34 34
24 106 33 33
25 112 33 33
26 95 34 34
27 100 33 33
28 107 33 33
29 83 32 32
30 102 33 33
31 106 32 32
32 112 32 32
33 95 33 33
34 100 32 32
35 107 32 32
36 83 31 31
37 102 32 32
38 106 31 31
39 112 31 31
40 95 32 32
41 100 31 31
42 107 31 31
43 83 30 30
44 102 31 31
45 106 30 30
46 112 30 30
47 95 31 31
48 100 30 30
49 107 30 30
50 83 29 29
51 102 30 30
52 106 29 29
53 112 29 29
54 95 30 30
55 100 29 29
56 107 29 29
57 83 28 28
58 102 29 29
59 106 28 28
60 112 28 28
61 95 29 29
62 100 28 28
63 107 28 28
64 83 27 27
65 102 28 28
66 106 27 27
67 112 27 27
68 95 28 28
69 100 27 27
70 107 27 27
71 83 26 26
72 102 27 27
73 106 26 26
74 112 26 26
75 95 27 27
76 100 26 26
77 107 26 26
78 83 25 25
79 102 26 26
80 106 25 25
81 112 25 25
82 95 26 26
83 100 25 25
84 107 25 25
85 83 24 24
86 102 25 25
87 106 24 24
88 112 24 24
89 95 25 25
90 100 24 24
91 107 24 24
92 83 23 23
93 102 24 24
94 106 23 23
95 112 23 23
96 95 24 24
97 100 23 23
98 107 23 23
99 83 22 22
100 102 23 23
101 106 22 22
102 112 22 22
103 95 23 23
104 100 22 22
105 107 22 22
106 83 21 21
107 102 22 22
108 106 21 21
109 112 21 21
110 95 22 22
111 100 21 21
112 107 21 21
113 83 20 20
114 102 21 21
115 106 20 20
116 112 20 20
117 95 21 21
118 100 20 20
119 107 20 20
120 83 19 19
121 102 20 20
122 106 19 19
123 112 19 19
124 95 20 20
125 100 19 19
126 107 19 19
127 83 18 18
128 102 19 19
129 106 18 18
130 112 18 18
131 95 19 19
132 100 18 18
133 107 18 18
134 83 17 17
135 102 18 18
136 106 17 17
137 112 17 17
138 95 18 18
139 100 17 17
140 107 17 17
141 83 16 16
142 102 17 17
143 106 16 16
144 112 16 16
145 95 17 17
146 100 16 16
147 107 16 16
148 83 15 15
149 102 16 16
150 106 15 15
151 112 15 15
152 95 16 16
153 100 15 15
154 107 15 15
155 83 14 14
156 102 15 15
157 106 14 14
158 112 14 14
159 95 15 15
160 100 14 14
161 107 14 14
162 83 13 13
163 102 14 14
164 106 14 14
165 112 14 14
166 95 15 15
167 100 14 14
168 107 14 14
169 83 14 14
170 102 14 14
171 106 14 14
172 112 14 14
173 95 14 14
174 100 14 14
175 107 14 14
176 83 14 14
177 102 14 14
178 106 14 14
179 112 15 15
180 95 15 15
181 100 14 14
182 107 15 15
183 83 15 15
184 102 14 14
185 106 14 14
186 112 15 15
187 95 15 15
188 100 15 15
189 107 15 15
190 83 15 15
191 102 15 15
192 106 16 16
193 112 16 16
194 95 15 15
195 100 14 14
196 107 14 14
197 83 15 15
198 102 16 16
199 106 16 16
200 112 16 16
201 95 14 14
202 100 14 14
203 107 14 14
204 83 15 15
205 102 15 15
206 106 16 16
207 112 16 16
208 95 15 15
209 100 14 14
210 107 14 14
211 83 15 15
212 102 15 15
213 106 16 16
214 112 15 15
215 95 15 15
216 100 15 15
217 107 14 14
218 83 14 14
219 102 14 14
220 106 15 15
221 112 14 14
222 95 14 14
223 100 14 14
224 107 15 15
225 83 15 15
226 102 13 13
227 106 14 14
228 112 13 13
229 95 14 14
230 100 14 14
231 107 15 15
232 83 15 15
233 102 13 13
234 106 15 15
235 112 14 14
236 95 14 14
237 100 15 15
238 107 14 14
239 83 16 16
240 102 15 15
241 106 15 15
242 112 14 14
243 95 16 16
244 100 16 16
245 107 15 15
246 83 16 16
247 102 15 15
248 106 15 15
249 112 17 17
250 95 17 17
251 100 18 18
252 107 16 16
253 83 18 18
254 102 17 17
255 106 19 19
256 112 20 20
257 95 18 18
258 100 20 20
259 107 18 18
260 83 20 20
261 102 18 18
262 106 19 19
263 112 20 20
264 95 19 19
265 100 21 21
266 107 18 18
267 83 22 22
268 102 22 22
269 106 22 22
270 112 23 23
271 95 21 21
272 100 22 22
273 107 21 21
274 83 26 26
275 102 24 24
276 106 26 26
277 112 26 26
278 95 24 24
279 100 26 26
280 107 26 26
281 83 28 28
282 102 27 27
283 106 29 29
284 112 28 28
285 95 27 27
286 100 28 28
287 107 28 28
288 83 30 30
289 102 28 28
290 106 30 30
291 112 30 30
292 95 30 30
293 100 30 30
294 107 31 31
295 83 32 32
296 102 31 31
297 106 31 31
298 112 30 30
299 95 31 31
300 100 33 33
301 107 33 33
302 83 33 33
303 102 33 33
304 106 34 34
305 112 34 34
306 95 31 31
307 100 34 34
308 107 34 34
309 83 35 35
310 102 34 34
311 106 35 35
312 112 35 35
313 95 33 33
314 100 36 36
315 107 35 35
316 83 36 36
317 102 35 35
318 106 36 36
319 112 36 36
320 95 35 35
321 100 36 36
322 107 37 37
323 83 36 36
324 102 35 35
325 106 36 36
326 112 36 36
327 95 36 36
328 100 36 36
329 107 37 37
330 83 36 36
331 102 37 37
332 106 37 37
333 112 37 37
334 95 37 37
335 100 37 37
336 107 38 38
337 83 37 37
338 102 38 38
339 106 37 37
340 112 38 38
341 95 39 39
342 100 38 38
343 107 38 38
344 83 37 37
345 102 38 38
346 106 37 37
347 112 37 37
348 95 38 38
349 100 37 37
350 107 37 37
351 83 36 36
352 102 37 37
353 106 36 36
354 112 36 36
355 95 37 37
356 100 36 36
357 107 36 36
358 83 35 35
359 102 36 36
360 106 35 35
361 112 35 35
362 95 36 36
363 100 35 35
364 107 35 35
365 83 34 34
366 102 35 35
367 106 34 34
368 112 34 34
369 95 35 35
370 100 34 34
371 107 34 34
372 83 33 33
373 102 34 34
374 106 33 33
375 112 33 33
376 95 34 34
377 100 33 33
378 107 33 33
379 83 32 32
380 102 33 33
381 106 32 32
382 112 32 32
383 95 33 33
384 100 32 32
385 107 32 32
386 83 31 31
387 102 32 32
388 106 31 31
389 112 31 31
390 95 32 32
391 100 31 31
392 107 31 31
393 83 30 30
394 102 31 31
395 106 30 30
396 112 30 30
397 95 31 31
398 100 30 30
399 107 30 30
400 83 29 29
401 102 30 30
402 106 29 29
403 112 29 29
404 95 30 30
405 100 29 29
406 107 29 29
407 83 28 28
408 102 29 29
409 106 28 28
410 112 28 28
411 95 29 29
412 100 28 28
413 107 28 28
414 83 27 27
415 102 28 28
416 106 27 27
417 112 27 27
418 95 28 28
419 100 27 27
420 107 27 27
421 83 26 26
422 102 27 27
423 106 26 26
424 112 26 26
425 95 27 27
426 100 26 26
427 107 26 26
428 83 25 25
429 102 26 26
430 106 25 25
431 112 25 25
432 95 26 26
433 100 25 25
434 107 25 25
435 83 24 24
436 102 25 25
437 106 24 24
438 112 24 24
439 95 25 25
440 100 24 24
441 107 24 24
442 83 23 23
443 102 24 24
444 106 23 23
445 112 23 23
446 95 24 24
447 100 23 23
448 107 23 23
449 83 22 22
450 102 23 23
451 106 22 22
452 112 22 22
453 95 23 23
454 100 22 22
455 107 22 22
456 83 21 21
457 102 22 22
458 106 21 21
459 112 21 21
460 95 22 22
461 100 21 21
462 107 21 21
463 83 20 20
464 102 21 21
465 106 20 20
466 112 20 20
467 95 21 21
468 100 20 20
469 107 20 20
470 83 19 19
471 102 20 20
472 106 19 19
473 112 19 19
474 95 20 20
475 100 19 19
476 107 19 19
477 83 18 18
478 102 19 19
479 106 18 18
480 112 18 18
481 95 19 19
482 100 18 18
483 107 18 18
484 83 17 17
485 102 18 18
486 106 17 17
487 112 17 17
488 95 18 18
489 100 17 17
490 107 17 17
491 83 16 16
492 102 17 17
493 106 16 16
494 112 16 16
495 95 17 17
496 100 16 16
497 107 16 16
498 83 15 15
499 102 16 16
500 106 15 15
501 112 15 15
502 95 16 16
503 100 15 15
504 107 15 15
505 83 14 14
506 102 15 15
507 106 14 14
508 112 14 14
509 95 15 15
510 100 14 14
511 107 14 14
512 83 13 13
513 102 14 14
514 106 14 14
515 112 14 14
516 95 15 15
517 100 14 14
518 107 14 14
519 83 14 14
520 102 14 14
521 106 14 14
522 112 14 14
523 95 14 14
524 100 14 14
525 107 14 14
526 83 14 14
527 102 14 14
528 106 14 14
529 112 15 15
530 95 15 15
531 100 14 14
532 107 15 15
533 83 15 15
534 102 14 14
535 106 14 14
536 112 15 15
537 95 15 15
538 100 15 15
539 107 15 15
540 83 15 15
541 102 15 15
542 106 16 16
543 112 16 16
544 95 15 15
545 100 14 14
546 107 14 14
547 83 15 15
548 102 16 16
549 106 16 16
550 112 16 16
551 95 14 14
552 100 14 14
553 107 14 14
554 83 15 15
555 102 15 15
556 106 16 16
557 112 16 16
558 95 15 15
559 100 14 14
560 107 14 14
561 83 15 15
562 102 15 15
563 106 16 16
564 112 15 15
565 95 15 15
566 100 15 15
567 107 14 14
568 83 14 14
569 102 14 14
570 106 15 15
571 112 14 14
572 95 14 14
573 100 14 14
574 107 15 15
575 83 15 15
576 102 13 13
577 106 14 14
578 112 13 13
579 95 14 14
580 100 14 14
581 107 15 15
582 83 15 15
583 102 13 13
584 106 15 15
585 112 14 14
586 95 14 14
587 100 15 15
588 107 14 14
589 83 16 16
590 102 15 15
591 106 15 15
592 112 14 14
593 95 16 16
594 100 16 16
595 107 15 15
596 83 16 16
597 102 15 15
598 106 15 15
599 112 17 17
600 95 17 17
601 100 18 18
602 107 16 16
603 83 18 18
604 102 17 17
605 106 19 19
606 112 20 20
607 95 18 18
608 100 20 20
609 107 18 18
610 83 20 20
611 102 18 18
612 106 19 19
613 112 20 20
614 95 19 19
615 100 21 21
616 107 18 18
617 83 22 22
618 102 22 22
619 106 22 22
620 112 23 23
621 95 21 21
622 100 22 22
623 107 21 21
624 83 26 26
625 102 24 24
626 106 26 26
627 112 26 26
628 95 24 24
629 100 26 26
630 107 26 26
631 83 28 28
632 102 27 27
633 106 29 29
634 112 28 28
635 95 27 27
636 100 28 28
637 107 28 28
638 83 30 30
639 102 28 28
640 106 30 30
641 112 30 30
642 95 30 30
643 100 30 30
644 107 31 31
645 83 32 32
646 102 31 31
647 106 31 31
648 112 30 30
649 95 31 31
650 100 33 33
651 107 33 33
652 83 33 33
653 102 33 33
654 106 34 34
655 112 34 34
656 95 31 31
657 100 34 34
658 107 34 34
659 83 35 35
660 102 34 34
661 106 35 35
662 112 35 35
663 95 33 33
664 100 36 36
665 107 35 35
666 83 36 36
667 102 35 35
668 106 36 36
669 112 36 36
670 95 35 35
671 100 36 36
672 107 37 37
673 83 36 36
674 102 35 35
675 106 36 36
676 112 36 36
677 95 36 36
678 100 36 36
679 107 37 37
680 83 36 36
681 102 37 37
682 106 37 37
683 112 37 37
684 95 37 37
685 100 37 37
686 107 38 38
687 83 37 37
688 102 38 38
689 106 37 37
690 112 38 38
691 95 39 39
692 100 38 38
693 107 38 38
694 83 37 37
695 102 38 38
696 106 37 37
697 112 37 37
698 95 38 38
699 100 37 37
700 107 37 37
701 83 36 36
702 102 37 37
703 106 36 36
704 112 36 36
705 95 37 37
706 100 36 36
707 107 36 36
708 83 35 35
709 102 36 36
710 106 35 35
711 112 35 35
712 95 36 36
713 100 35 35
714 107 35 35
715 83 34 34
716 102 35 35
717 106 34 34
718 112 34 34
719 95 35 35
720 100 34 34
721 107 34 34
722 83 33 33
723 102 34 34
724 106 33 33
725 112 33 33
726 95 34 34
727 100 33 33
728 107 33 33
729 83 32 32
730 102 33 33
731 106 32 32
732 112 32 32
733 95 33 33
734 100 32 32
735 107 32 32
736 83 31 31
737 102 32 32
738 106 31 31
739 112 31 31
740 95 32 32
741 100 31 31
742 107 31 31
743 83 30 30
744 102 31 31
745 106 30 30
746 112 30 30
747 95 31 31
748 100 30 30
749 107 30 30
750 83 29 29
751 102 30 30
752 106 29 29
753 112 29 29
754 95 30 30
755 100 29 29
756 107 29 29
757 83 28 28
758 102 29 29
759 106 28 28
760 112 28 28
761 95 29 29
762 100 28 28
763 107 28 28
764 83 27 27
765 102 28 28
766 106 27 27
767 112 27 27
768 95 28 28
769 100 27 27
770 107 27 27
771 83 26 26
772 102 27 27
773 106 26 26
774 112 26 26
775 95 27 27
776 100 26 26
777 107 26 26
778 83 25 25
779 102 26 26
780 106 25 25
781 112 25 25
782 95 26 26
783 100 25 25
784 107 25 25
785 83 24 24
786 102 25 25
787 106 24 24
788 112 24 24
789 95 25 25
790 100 24 24
791 107 24 24
792 83 23 23
793 102 24 24
794 106 23 23
795 112 23 23
796 95 24 24
797 100 23 23
798 107 23 23
799 83 22 22
800 102 23 23
801 106 22 22
802 112 22 22
803 95 23 23
804 100 22 22
805 107 22 22
806 83 21 21
807 102 22 22
808 106 21 21
809 112 21 21
810 95 22 22
811 100 21 21
812 107 21 21
813 83 20 20
814 102 21 21
815 106 20 20
816 112 20 20
817 95 21 21
818 100 20 20
819 107 20 20
820 83 19 19
821 102 20 20
822 106 19 19
823 112 19 19
824 95 20 20
825 100 19 19
826 107 19 19
827 83 18 18
828 102 19 19
829 106 18 18
830 112 18 18
831 95 19 19
832 100 18 18
833 107 18 18
834 83 17 17
835 102 18 18
836 106 17 17
837 112 17 17
838 95 18 18
839 100 17 17
840 107 17 17
841 83 16 16
842 102 17 17
843 106 16 16
844 112 16 16
845 95 17 17
846 100 16 16
847 107 16 16
848 83 15 15
849 102 16 16
850 106 15 15
851 112 15 15
852 95 16 16
853 100 15 15
854 107 15 15
855 83 14 14
856 102 15 15
857 106 14 14
858 112 14 14
859 95 15 15
860 100 14 14
861 107 14 14
862 83 13 13
863 102 14 14
864 106 14 14
865 112 14 14
866 95 15 15
867 100 14 14
868 107 14 14
869 83 14 14
870 102 14 14
871 106 14 14
872 112 14 14
873 95 14 14
874 100 14 14
875 107 14 14
876 83 14 14
877 102 14 14
878 106 14 14
879 112 15 15
880 95 15 15
881 100 14 14
882 107 15 15
883 83 15 15
884 102 14 14
885 106 14 14
886 112 15 15
887 95 15 15
888 100 15 15
889 107 15 15
890 83 15 15
891 102 15 15
892 106 16 16
893 112 16 16
894 95 15 15
895 100 14 14
896 107 14 14
897 83 15 15
898 102 16 16
899 106 16 16
900 112 16 16
901 95 14 14
902 100 14 14
903 107 14 14
904 83 15 15
905 102 15 15
906 106 16 16
907 112 16 16
908 95 15 15
909 100 14 14
910 107 14 14
911 83 15 15
912 102 15 15
913 106 16 16
914 112 15 15
915 95 15 15
916 100 15 15
917 107 14 14
918 83 14 14
919 102 14 14
920 106 15 15
921 112 14 14
922 95 14 14
923 100 14 14
924 107 15 15
925 83 15 15
926 102 13 13
927 106 14 14
928 112 13 13
929 95 14 14
930 100 14 14
931 107 15 15
932 83 15 15
933 102 13 13
934 106 15 15
935 112 14 14
936 95 14 14
937 100 15 15
938 107 14 14
939 83 16 16
940 102 15 15
941 106 15 15
942 112 14 14
943 95 16 16
944 100 16 16
945 107 15 15
946 83 16 16
947 102 15 15
948 106 15 15
949 112 17 17
950 95 17 17
951 100 18 18
952 107 16 16
953 83 18 18
954 102 17 17
955 106 19 19
956 112 20 20
957 95 18 18
958 100 20 20
959 107 18 18
960 83 20 20
961 102 18 18
962 106 19 19
963 112 20 20
964 95 19 19
965 100 21 21
966 107 18 18
967 83 22 22
968 102 22 22
969 106 22 22
970 112 23 23
971 95 21 21
972 100 22 22
973 107 21 21
974 83 26 26
975 102 24 24
976 106 26 26
977 112 26 26
978 95 24 24
979 100 26 26
980 107 26 26
981 83 28 28
982 102 27 27
983 106 29 29
984 112 28 28
985 95 27 27
986 100 28 28
987 107 28 28
988 83 30 30
989 102 28 28
990 106 30 30
991 112 30 30
992 95 30 30
993 100 30 30
994 107 31 31
995 83 32 32
996 102 31 31
997 106 31 31
998 112 30 30
999 95 31 31
1000 100 33 33
1001 107 33 33
1002 83 33 33
1003 102 33 33
1004 106 34 34
1005 112 34 34
1006 95 31 31
1007 100 34 34
1008 107 34 34
1009 83 35 35
1010 102 34 34
1011 106 35 35
1012 112 35 35
1013 95 33 33
1014 100 36 36
1015 107 35 35
1016 83 36 36
1017 102 35 35
1018 106 36 36
1019 112 36 36
1020 95 35 35
1021 100 36 36
1022 107 37 37
1023 83 36 36
1024 102 35 35
1025 106 36 36
1026 112 36 36
1027 95 36 36
1028 100 36 36
1029 107 37 37
1030 83 36 36
1031 102 37 37
1032 106 37 37
1033 112 37 37
1034 95 37 37
1035 100 37 37
1036 107 38 38
1037 83 37 37
1038 102 38 38
1039 106 37 37
1040 112 38 38
1041 95 39 39
1042 100 38 38
1043 107 38 38
1044 83 37 37
1045 102 38 38
1046 106 37 37
1047 112 37 37
1048 95 38 38
1049 100 37 37
1050 107 37 37
1051 83 36 36
1052 102 37 37
1053 106 36 36
1054 112 36 36
1055 95 37 37
1056 100 36 36
1057 107 36 36
1058 83 35 35
1059 102 36 36
1060 106 35 35
1061 112 35 35
1062 95 36 36
1063 100 35 35
1064 107 35 35
1065 83 34 34
1066 102 35 35
1067 106 34 34
1068 112 34 34
1069 95 35 35
1070 100 34 34
1071 107 34 34
1072 83 33 33
1073 102 34 34
1074 106 33 33
1075 112 33 33
1076 95 34 34
1077 100 33 33
1078 107 33 33
1079 83 32 32
1080 102 33 33
1081 106 32 32
1082 112 32 32
1083 95 33 33
1084 100 32 32
1085 107 32 32
1086 83 31 31
1087 102 32 32
1088 106 31 31
1089 112 31 31
1090 95 32 32
1091 100 31 31
1092 107 31 31
1093 83 30 30
1094 102 31 31
1095 106 30 30
1096 112 30 30
1097 95 31 31
1098 100 30 30
1099 107 30 30
1100 83 29 29
1101 102 30 30
1102 106 29 29
1103 112 29 29
1104 95 30 30
1105 100 29 29
1106 107 29 29
1107 83 28 28
1108 102 29 29
1109 106 28 28
1110 112 28 28
1111 95 29 29
1112 100 28 28
1113 107 28 28
1114 83 27 27
1115 102 28 28
1116 106 27 27
1117 112 27 27
1118 95 28 28
1119 100 27 27
1120 107 27 27
1121 83 26 26
1122 102 27 27
1123 106 26 26
1124 112 26 26
1125 95 27 27
1126 100 26 26
1127 107 26 26
1128 83 25 25
1129 102 26 26
1130 106 25 25
1131 112 25 25
1132 95 26 26
1133 100 25 25
1134 107 25 25
1135 83 24 24
1136 102 25 25
1137 106 24 24
1138 112 24 24
1139 95 25 25
1140 100 24 24
1141 107 24 24
1142 83 23 23
1143 102 24 24
1144 106 23 23
1145 112 23 23
1146 95 24 24
1147 100 23 23
1148 107 23 23
1149 83 22 22
1150 102 23 23
1151 106 22 22
1152 112 22 22
1153 95 23 23
1154 100 22 22
1155 107 22 22
1156 83 21 21
1157 102 22 22
1158 106 21 21
1159 112 21 21
1160 95 22 22
1161 100 21 21
1162 107 21 21
1163 83 20 20
1164 102 21 21
1165 106 20 20
1166 112 20 20
1167 95 21 21
1168 100 20 20
1169 107 20 20
1170 83 19 19
1171 102 20 20
1172 106 19 19
1173 112 19 19
1174 95 20 20
1175 100 19 19
1176 107 19 19
1177 83 18 18
1178 102 19 19
1179 106 18 18
1180 112 18 18
1181 95 19 19
1182 100 18 18
1183 107 18 18
1184 83 17 17
1185 102 18 18
1186 106 17 17
1187 112 17 17
1188 95 18 18
1189 100 17 17
1190 107 17 17
1191 83 16 16
1192 102 17 17
1193 106 16 16
1194 112 16 16
1195 95 17 17
1196 100 16 16
1197 107 16 16
1198 83 15 15
1199 102 16 16
1200 106 15 15
